block1 53 0 20 3 4000
block1 45 1 20 1 923
block1 56 0 20 3 4000
block1 47 1 20 1 1184
block1 5 1 5 1 629
block1 3 1 5 1 773
block1 12 0 5 3 4000
block1 55 0 20 3 4000
block1 38 0 15 3 4000
block1 48 1 20 1 1937
block1 35 1 15 1 1078
block1 1 1 5 1 711
block1 15 1 10 1 582
block1 46 1 20 1 1127
block1 29 1 15 1 1029
block1 11 0 5 3 4000
block1 30 1 15 1 689
block1 23 0 10 3 4000
block1 41 0 15 3 4000
block1 54 0 20 3 4000
block1 13 0 5 3 4000
block1 4 1 5 1 557
block1 51 0 20 3 4000
block1 27 0 10 3 4000
block1 25 0 10 3 4000
block1 22 0 10 3 4000
block1 40 0 15 3 4000
block1 9 0 5 3 4000
block1 17 1 10 1 750
block1 44 1 20 1 679
block1 19 1 10 1 548
block1 21 1 10 1 808
block1 43 1 20 1 1110
block1 37 0 15 3 4000
block1 26 0 10 3 4000
block1 6 1 5 1 1205
block1 32 1 15 1 758
block1 28 0 10 3 4000
block1 20 1 10 1 641
block1 49 1 20 1 646
block1 34 1 15 1 807
block1 10 0 5 3 4000
block1 16 1 10 1 657
block1 7 1 5 1 710
block1 36 0 15 3 4000
block1 52 0 20 3 4000
block1 24 0 10 3 4000
block1 18 1 10 1 565
block1 50 0 20 3 4000
block1 14 0 5 3 4000
block1 39 0 15 3 4000
block1 8 0 5 3 4000
block1 2 1 5 1 527
block1 31 1 15 1 1430
block1 33 1 15 1 723
block1 42 0 15 3 4000
