block1 3 1 5 1 964
block1 2 1 5 1 622
block1 23 0 10 3 4000
block1 47 1 20 1 3199
block1 16 1 10 1 1311
block1 32 1 15 1 562
block1 4 1 5 1 614
block1 35 1 15 1 977
block1 51 0 20 1 2670
block1 48 1 20 1 1887
block1 38 0 15 3 4000
block1 33 1 15 1 714
block1 56 0 20 3 4000
block1 24 0 10 3 4000
block1 28 0 10 3 4000
block1 46 1 20 1 1037
block1 11 0 5 3 4000
block1 54 0 20 3 4000
block1 31 1 15 1 2753
block1 41 0 15 3 4000
block1 26 0 10 3 4000
block1 27 0 10 3 4000
block1 49 1 20 1 1082
block1 8 0 5 3 4000
block1 39 0 15 3 4000
block1 17 1 10 1 1030
block1 55 0 20 3 4000
block1 15 1 10 1 1058
block1 9 0 5 3 4000
block1 42 0 15 3 4000
block1 53 0 20 3 4000
block1 1 1 5 1 2251
block1 25 0 10 3 4000
block1 52 0 20 3 4000
block1 10 0 5 3 4000
block1 7 1 5 1 1772
block1 12 0 5 3 4000
block1 19 1 10 3 4000
block1 13 0 5 3 4000
block1 22 0 10 3 4000
block1 36 0 15 3 4000
block1 20 1 10 1 940
block1 5 1 5 1 1294
block1 14 0 5 3 4000
block1 44 1 20 1 727
block1 45 1 20 1 658
block1 40 0 15 3 4000
block1 6 1 5 1 937
block1 29 1 15 1 1191
block1 37 0 15 1 618
block1 30 1 15 1 1125
block1 18 1 10 1 745
block1 43 1 20 1 993
block1 50 0 20 3 4000
block1 34 1 15 1 1130
block1 21 1 10 1 642
