block1 17 1 10 1 1213
block1 27 0 10 3 4000
block1 53 0 20 3 4000
block1 33 1 15 1 936
block1 15 1 10 1 860
block1 7 1 5 1 697
block1 48 1 20 1 974
block1 45 1 20 1 717
block1 34 1 15 1 731
block1 38 0 15 3 4000
block1 1 1 5 1 598
block1 37 0 15 3 4000
block1 35 1 15 1 845
block1 13 0 5 3 4000
block1 21 1 10 1 601
block1 51 0 20 3 4000
block1 42 0 15 3 4000
block1 19 1 10 1 937
block1 14 0 5 3 4000
block1 31 1 15 1 715
block1 6 1 5 1 531
block1 20 1 10 1 633
block1 47 1 20 1 931
block1 5 1 5 1 579
block1 41 0 15 3 4000
block1 2 1 5 1 578
block1 30 1 15 1 770
block1 29 1 15 1 840
block1 22 0 10 3 4000
block1 4 1 5 1 618
block1 10 0 5 3 4000
block1 18 1 10 1 607
block1 8 0 5 3 4000
block1 40 0 15 3 4000
block1 56 0 20 3 4000
block1 52 0 20 3 4000
block1 9 0 5 3 4000
block1 16 1 10 1 658
block1 54 0 20 3 4000
block1 39 0 15 3 4000
block1 12 0 5 3 4000
block1 26 0 10 3 4000
block1 55 0 20 3 4000
block1 28 0 10 3 4000
block1 43 1 20 1 979
block1 46 1 20 1 649
block1 24 0 10 3 4000
block1 36 0 15 3 4000
block1 49 1 20 1 689
block1 23 0 10 3 4000
block1 44 1 20 1 572
block1 50 0 20 3 4000
block1 3 1 5 1 665
block1 11 0 5 1 642
block1 25 0 10 3 4000
block1 32 1 15 1 729
