block1 29 1 15 1 2133
block1 21 1 10 1 1287
block1 37 0 15 3 4000
block1 2 1 5 1 902
block1 40 0 15 3 4000
block1 52 0 20 3 4000
block1 46 1 20 1 1580
block1 47 1 20 1 1498
block1 14 0 5 3 4000
block1 15 1 10 1 1284
block1 48 1 20 1 1302
block1 45 1 20 1 804
block1 13 0 5 3 4000
block1 50 0 20 3 4000
block1 7 1 5 1 688
block1 55 0 20 3 4000
block1 31 1 15 1 1370
block1 32 1 15 1 1363
block1 54 0 20 3 4000
block1 5 1 5 1 634
block1 25 0 10 3 4000
block1 34 1 15 1 798
block1 19 1 10 1 658
block1 22 0 10 3 4000
block1 43 1 20 1 1218
block1 35 1 15 1 1003
block1 44 1 20 1 774
block1 17 1 10 1 947
block1 20 1 10 1 1413
block1 36 0 15 3 4000
block1 30 1 15 1 1803
block1 41 0 15 3 4000
block1 26 0 10 3 4000
block1 10 0 5 3 4000
block1 11 0 5 3 4000
block1 33 1 15 1 1193
block1 12 0 5 3 4000
block1 49 1 20 1 2031
block1 53 0 20 3 4000
block1 6 1 5 1 596
block1 42 0 15 3 4000
block1 51 0 20 3 4000
block1 4 1 5 1 823
block1 27 0 10 3 4000
block1 39 0 15 3 4000
block1 23 0 10 3 4000
block1 18 1 10 1 1189
block1 24 0 10 3 4000
block1 1 1 5 1 922
block1 9 0 5 3 4000
block1 38 0 15 3 4000
block1 8 0 5 3 4000
block1 16 1 10 1 899
block1 56 0 20 3 4000
block1 28 0 10 3 4000
block1 3 1 5 1 750
