block1 36 0 15 3 4000
block1 10 0 5 3 4000
block1 55 0 20 3 4000
block1 5 1 5 1 782
block1 47 1 20 3 4000
block1 34 1 15 1 1340
block1 43 1 20 1 1782
block1 27 0 10 3 4000
block1 33 1 15 1 1307
block1 41 0 15 3 4000
block1 18 1 10 1 705
block1 53 0 20 3 4000
block1 9 0 5 3 4000
block1 42 0 15 3 4000
block1 50 0 20 3 4000
block1 15 1 10 1 828
block1 31 1 15 1 850
block1 20 1 10 1 1429
block1 29 1 15 1 1422
block1 35 1 15 1 1236
block1 23 0 10 3 4000
block1 21 1 10 1 1182
block1 4 1 5 1 764
block1 24 0 10 3 4000
block1 8 0 5 1 693
block1 37 0 15 3 4000
block1 49 1 20 1 2002
block1 48 1 20 1 1341
block1 40 0 15 3 4000
block1 26 0 10 3 4000
block1 46 1 20 1 1018
block1 16 1 10 1 1053
block1 25 0 10 3 4000
block1 52 0 20 3 4000
block1 28 0 10 3 4000
block1 54 0 20 3 4000
block1 1 1 5 1 723
block1 51 0 20 3 4000
block1 30 1 15 1 968
block1 11 0 5 3 4000
block1 38 0 15 3 4000
block1 2 1 5 1 795
block1 17 1 10 1 942
block1 7 1 5 1 846
block1 13 0 5 3 4000
block1 44 1 20 1 1102
block1 6 1 5 1 730
block1 32 1 15 1 1300
block1 45 1 20 1 857
block1 12 0 5 3 4000
block1 14 0 5 3 4000
block1 39 0 15 3 4000
block1 56 0 20 3 4000
block1 3 1 5 1 652
block1 19 1 10 1 1111
block1 22 0 10 3 4000
